..11166 -.,.

Platonius 19688119. scholiastesnarmstadiensis 85.

Plociu9 60. ·- Euripidis 99.

Plutarchus 5, 94, 64, 49. 55. 6488 - Homeri 11, 46. 51. odyss. 51.
199989, -·· 19991991871,

Pollux 11. 24. 49. 9999. 961919. 97, P-indari 80.
99 quater 111, 96. 99 ter 94. - 91440114469090. 48199. 551919.
9719797499919949974 99997997199 106 104
80, 61, 67. 69. 41, 51. 69 70 78-8961999119 99. 99. 90.
84. 94. 95. 961919, 971919, VII. 16 ·- ’119999911154 80. 90,

. bis. 17. 99. 99. 99. 60,66,67.78 -Thucgdidis 99. 99.

ter. 99. 99 94. 9991.. 9799. 199. 9999999...91999.9.Ι -,99 99, 99.
994. vm. 99 999, 19 99 70. stobaeuu 9944.¹v
448. 11. 19 ter. 9999. 9999& 69916991, 610199· 1641415199.
99. 9449. 44 99949 99. 98} 91. 99999999999999. 49. 49.
6966767197. ’ '⁶ Ρ ’591919 561919. 66, 74199, 86799

Porphyri1495L ‘ ’ 1 octies. 99 1991941999, lissi). 18

9911919999 99. 99 46 59 ⁷⁹⁰4 ’ 1919 911919,·94.6Ῑ,45,’46.50.569

9401949'4944999999490 99 99 99.99.·99.99.74.99.9999.

89191199199611919619. 919. 19. 97, 65 114. 1119. 65.1 66743. 47. 97399.
1119. 481919, 65, '7'1 ’.79 96, 1996, 69, 66, 99 ter 76. 74191975. 97
9999999996 999 ἕ· ’
1, 99. 99. 50. 99. 54. 741996 79, Τ991999591919.-·· . λ

. 97, Nub. 46. 45, 59, 586688 ’29991199990119611 85. 6667,
94. Pac. 65, 48. 50, 591119. 54. 89, · ·

“ 79 91919111. 75 9111449775, 291999991,Ῑ18,15.591919,·751919,
4594. 17. 49. 79.- 99. 99 ter 99. 94.

 

